  6.8053e+10     2.00723e-18    1.4e-22
  8.1544e+10     2.49508e-18    1.9e-22
  9.5334e+10     2.93024e-18    2.5e-22
  1.0882e+11      3.2777e-18    2.3e-22
  1.2232e+11     3.54081e-18    2.2e-22
  1.3611e+11     3.72079e-18    2.1e-22
   1.496e+11     3.81493e-18    1.8e-22
  1.6339e+11     3.83478e-18    1.8e-22
  1.7688e+11     3.78901e-18    1.6e-22
  1.9037e+11     3.68833e-18    1.4e-22
  2.0416e+11     3.54063e-18    1.3e-22
  2.1765e+11     3.36278e-18    1.2e-22
  2.3114e+11     3.16076e-18    1.1e-22
  2.4493e+11     2.93924e-18      1e-22
  2.5842e+11     2.71432e-18    1.1e-22
  2.7221e+11     2.48239e-18    1.2e-22
   2.857e+11      2.2594e-18    1.4e-22
  2.9919e+11     2.04327e-18    1.6e-22
  3.1298e+11     1.83262e-18    1.8e-22
  3.2647e+11      1.6383e-18    2.2e-22
  3.3996e+11      1.4575e-18    2.2e-22
  3.5376e+11     1.28835e-18    2.3e-22
  3.6725e+11     1.13568e-18    2.3e-22
  3.8104e+11      9.9451e-19    2.3e-22
  3.9453e+11      8.7036e-19    2.2e-22
  4.0802e+11      7.5876e-19    2.1e-22
  4.2181e+11      6.5766e-19      2e-22
   4.353e+11      5.7008e-19    1.9e-22
  4.4879e+11      4.9223e-19    1.9e-22
  4.6258e+11      4.2267e-19    1.9e-22
  4.7607e+11      3.6352e-19    2.1e-22
  4.8986e+11      3.1062e-19    2.3e-22
  5.0335e+11       2.658e-19    2.6e-22
  5.1684e+11      2.2644e-19    2.8e-22
  5.3063e+11      1.9255e-19      3e-22
  5.4412e+11      1.6391e-19    3.2e-22
  5.5791e+11      1.3811e-19    3.3e-22
   5.714e+11      1.1716e-19    3.5e-22
   5.849e+11       9.921e-20    4.1e-22
  5.9869e+11       8.364e-20    5.5e-22
  6.1218e+11       7.087e-20    8.8e-22
  6.2567e+11       5.801e-20   1.55e-21
  6.3946e+11       4.523e-20   2.82e-21
