300 928.8384966666667
301 1129.01341
302 1084.0755700000004
303 1321.0837033333328
304 1678.3665266666667
305 1420.1032299999997
306 1906.2749999999996
307 2023.684800000001
308 2269.430633333335
309 2565.3796
310 2370.0984333333327
311 3031.0495999999985
312 2532.7771066666674
313 2507.1288633333343
314 2878.8066799999997
315 3175.2150500000007
316 3079.825103333334
317 3306.2861033333334
318 3032.5409233333326
319 3481.296496666667
320 3476.298626666666
321 3719.8894866666665
322 3684.7777533333333
323 3874.9096533333327
324 3948.321973333334
325 4026.7886200000003
326 3983.330243333334
327 4016.7635366666677
328 4153.4424500000005
329 4422.109946666667
330 4560.535116666666
331 4475.3669199999995
332 4461.932343333333
333 4783.862370000001
334 4488.643586666667
335 4321.747113333333
336 4254.982499999999
337 4650.29505
338 4453.28814
339 4344.78092
340 4303.189006666667
341 4289.652613333334
342 4149.49625
343 4129.449643333334
344 4031.0344066666667
345 3974.3222733333323
346 4111.136356666667
347 3720.68905
348 3817.4736933333334
349 3683.961266666667
350 3787.4216633333335
351 3415.303063333333
352 3622.0821133333325
353 3275.19895
354 3246.831753333333
355 3385.1980533333335
356 3134.9482799999996
357 3363.467723333333
358 3063.1945786666656
359 2993.1279933333335
360 2819.6698733333333
361 2816.3487623333335
362 2422.7593466666663
363 2536.099591666667
364 2219.307983333333
365 2424.334496
366 2349.32625
367 2135.836603
368 1970.7438700000002
369 1722.29613
370 2005.7748399999996
371 1747.279246666667
372 1817.326275
373 1962.3653766666666
374 1657.2575766666664
375 1560.54267
376 1565.5132453333335
377 1433.7829433333336
378 1395.4308453333338
379 1388.74726
380 1420.4081140000003
381 1125.3350666666665
382 1086.9832900000006
383 983.5937353333335
384 1015.2752473333335
385 1025.2833033333336
386 910.2393320000002
387 911.896474
388 956.9119866666666
389 860.2062643333331
390 655.1527863333333
391 830.2011323333332
392 785.1854033333334
393 713.5025319999999
394 593.462555
395 735.1691263333331
396 675.1531973333335
397 485.1049809999997
398 526.7764283333333
399 471.75780399999996
400 530.115411
401 358.414257
402 360.06984433333344
403 466.752306
404 406.7543733333331
405 208.37167833333353
406 385.07615466666664
407 391.74084400000015
408 363.4014316666668
409 180.03355333333343
410 393.4059900000003
411 248.37921700000004
412 351.7260063333332
413 240.04271200000017
414 136.68821033333325
415 260.04814799999997
416 226.70600633333322
417 196.6994013333334
418 70.0115423333333
419 205.03076033333343
420 251.705874
