301 -305.08997
302 235.08606000000032
303 -460.2211900000002
304 -25.016129999999976
305 -195.17100000000028
306 -85.09767000000011
307 410.56073000000015
308 490.7737300000008
309 -125.20900000000074
310 485.7920000000013
311 130.19900000000052
312 811.0240000000013
313 5.0053599999992
314 250.19326999999976
315 -155.08862999999928
316 130.0604699999999
317 210.08472000000006
318 440.15307000000007
319 270.09436000000005
320 550.2028799999998
321 670.2209499999999
322 635.2168700000002
323 705.2662599999999
324 395.13158999999996
325 745.2636700000003
326 795.2694100000001
327 1190.4354300000002
328 910.3019200000001
329 1345.471
330 1035.36255
331 1080.4289599999995
332 1000.3421699999999
333 1145.4096599999998
334 1225.4626400000002
335 925.3485200000002
336 1555.555
337 1210.4185800000002
338 1090.39666
339 1375.48409
340 1665.578305
341 1500.5358899999999
342 1675.5895999999998
343 1570.5639999999999
344 1655.62977
345 1345.44918
346 1765.6734600000002
347 1510.55109
348 1655.58277
349 1450.5000799999998
350 1580.5208709999997
351 1725.5695759999999
352 1285.43649
353 1525.5122000000001
354 1565.506226
355 1190.3890400000003
356 1970.68136
357 1645.525939
358 1730.5688999999998
359 1700.5847600000002
360 1530.5292900000002
361 1745.587825
362 1705.61322
363 1810.6157899999998
364 1495.4652740000001
365 1460.4564999999998
366 1715.5890459999996
367 1425.4271899999999
368 1335.3813100000002
369 1530.446355
370 970.2718600000001
371 1325.388453
372 1380.40126
373 1610.5108999999998
374 1115.308775
375 1370.4100939999998
376 1245.36141
377 1340.3921
378 1020.2985799999999
379 1070.2968699999997
380 925.2386
381 1000.2717269999999
382 695.18579
383 1035.295537
384 990.2587329999999
385 700.1695499999995
386 880.2333
387 605.1514899999999
388 765.1835330000001
389 855.2384100000002
390 735.1645099999998
391 535.1273170000001
392 675.1581500000003
393 1005.2678850000003
394 565.1286299999998
395 510.1158100000001
396 525.1119990000001
397 390.087527
398 265.06275000000005
399 625.1357700000001
400 380.08997
401 600.13741
402 380.07770000000005
403 445.09655599999985
404 515.10702
405 545.1250610000001
406 415.0767199999999
407 615.120055
408 270.0603100000001
409 340.06427399999995
410 135.02759000000003
411 435.08245999999986
412 500.10163
413 380.066829
414 205.03515000000016
415 355.0719640000001
416 265.0507859999999
417 365.0684000000001
418 -60.01019300000007
419 190.02996900000016
420 125.0195
