3.000000000000000000e+02 3.117403933333333725e+02
3.010000000000000000e+02 5.568262566666664952e+02
3.020000000000000000e+02 3.734792300000000864e+02
3.030000000000000000e+02 5.636071033333332707e+02
3.040000000000000000e+02 5.737301666666667188e+02
3.050000000000000000e+02 7.857381866666670476e+02
3.060000000000000000e+02 1.243194900000000189e+03
3.070000000000000000e+02 1.697496009999999842e+03
3.080000000000000000e+02 8.714419999999990978e+02
3.090000000000000000e+02 1.307301533333332600e+03
3.100000000000000000e+02 1.454137176666667074e+03
3.110000000000000000e+02 1.375483666666666068e+03
3.120000000000000000e+02 1.450359783333333780e+03
3.130000000000000000e+02 1.813724230000000261e+03
3.140000000000000000e+02 1.094310216666666292e+03
3.150000000000000000e+02 1.117407749999999851e+03
3.160000000000000000e+02 1.220638316666666697e+03
3.170000000000000000e+02 1.260575693333333220e+03
3.180000000000000000e+02 1.280527980000000071e+03
3.190000000000000000e+02 1.248829913333333479e+03
3.200000000000000000e+02 1.463931193333333340e+03
3.210000000000000000e+02 1.540615936666666585e+03
3.220000000000000000e+02 1.602322233333333315e+03
3.230000000000000000e+02 1.590618640000000141e+03
3.240000000000000000e+02 1.647327430000000049e+03
3.250000000000000000e+02 1.709015809999999874e+03
3.260000000000000000e+02 1.929139509999999973e+03
3.270000000000000000e+02 1.969147053333333133e+03
3.280000000000000000e+02 2.134194439999999759e+03
3.290000000000000000e+02 1.855739946666666583e+03
3.300000000000000000e+02 2.049157656666666298e+03
3.310000000000000000e+02 2.110880796999999802e+03
3.320000000000000000e+02 2.385999858333333123e+03
3.330000000000000000e+02 2.289262328666666690e+03
3.340000000000000000e+02 2.300944267333333300e+03
3.350000000000000000e+02 2.435984778666666898e+03
3.360000000000000000e+02 2.471043416666666872e+03
3.370000000000000000e+02 2.419299496666666528e+03
3.380000000000000000e+02 2.417641774000000169e+03
3.390000000000000000e+02 2.367618432000000212e+03
3.400000000000000000e+02 2.582716431666666722e+03
3.410000000000000000e+02 2.622733747333333667e+03
3.420000000000000000e+02 2.365968965000000026e+03
3.430000000000000000e+02 2.475957398666666904e+03
3.440000000000000000e+02 2.264190470666666442e+03
3.450000000000000000e+02 2.417590310999999929e+03
3.460000000000000000e+02 2.524335638333333463e+03
3.470000000000000000e+02 2.545992321333333166e+03
3.480000000000000000e+02 2.572700076000000081e+03
3.490000000000000000e+02 2.547631952666666621e+03
3.500000000000000000e+02 2.580992060000000038e+03
3.510000000000000000e+02 2.427574725333333390e+03
3.520000000000000000e+02 2.409249622333333264e+03
3.530000000000000000e+02 2.540960816666666688e+03
3.540000000000000000e+02 2.244146563666666680e+03
3.550000000000000000e+02 2.442557008333333670e+03
3.560000000000000000e+02 2.279145323333333181e+03
3.570000000000000000e+02 2.284140080333333572e+03
3.580000000000000000e+02 2.072360591333333105e+03
3.590000000000000000e+02 2.310800318000000061e+03
3.600000000000000000e+02 2.269129420333333201e+03
3.610000000000000000e+02 1.958998162333333312e+03
3.620000000000000000e+02 2.014005654999999933e+03
3.630000000000000000e+02 2.235744333333333543e+03
3.640000000000000000e+02 1.980643887666666615e+03
3.650000000000000000e+02 2.065677501666666558e+03
3.660000000000000000e+02 2.000678818333333311e+03
3.670000000000000000e+02 1.973981047000000217e+03
3.680000000000000000e+02 1.903931550333333234e+03
3.690000000000000000e+02 1.800557858000000124e+03
3.700000000000000000e+02 1.645477934999999889e+03
3.710000000000000000e+02 1.742199352999999974e+03
3.720000000000000000e+02 1.547104768000000149e+03
3.730000000000000000e+02 1.735508182999999917e+03
3.740000000000000000e+02 1.580452021333333505e+03
3.750000000000000000e+02 1.805537326000000121e+03
3.760000000000000000e+02 1.382057557333333307e+03
3.770000000000000000e+02 1.503769440999999915e+03
3.780000000000000000e+02 1.270326834333333409e+03
3.790000000000000000e+02 1.398698356000000103e+03
3.800000000000000000e+02 1.253642896333333283e+03
3.810000000000000000e+02 1.255319241666666585e+03
3.820000000000000000e+02 1.270319302333333326e+03
3.830000000000000000e+02 9.618860019999999622e+02
3.840000000000000000e+02 9.919169746666667606e+02
3.850000000000000000e+02 1.006906879333333336e+03
3.860000000000000000e+02 9.485515029999999115e+02
3.870000000000000000e+02 1.000234846666666726e+03
3.880000000000000000e+02 1.078593725000000177e+03
3.890000000000000000e+02 9.518858330000001615e+02
3.900000000000000000e+02 9.485601053333333539e+02
3.910000000000000000e+02 9.618728170000000546e+02
3.920000000000000000e+02 7.885083316666666633e+02
3.930000000000000000e+02 6.534748730000000023e+02
3.940000000000000000e+02 6.817986633333332520e+02
3.950000000000000000e+02 6.634755886666665674e+02
3.960000000000000000e+02 7.568240880000000743e+02
3.970000000000000000e+02 8.201658716666667033e+02
3.980000000000000000e+02 6.784744610000000193e+02
3.990000000000000000e+02 6.117854296666666869e+02
4.000000000000000000e+02 5.734486503333332621e+02
4.010000000000000000e+02 5.301048819999999751e+02
4.020000000000000000e+02 4.967587923333333038e+02
4.030000000000000000e+02 4.834278773333334129e+02
4.040000000000000000e+02 5.667833463333332702e+02
4.050000000000000000e+02 4.834248940000000516e+02
4.060000000000000000e+02 4.834229053333332331e+02
4.070000000000000000e+02 4.217431766666666135e+02
4.080000000000000000e+02 4.417509056666666538e+02
4.090000000000000000e+02 4.900837679999999636e+02
4.100000000000000000e+02 4.667488983333333294e+02
4.110000000000000000e+02 3.600694359999999961e+02
4.120000000000000000e+02 3.283971899999999664e+02
4.130000000000000000e+02 3.750632753333333085e+02
4.140000000000000000e+02 3.117222623333332763e+02
4.150000000000000000e+02 2.683747063333332790e+02
4.160000000000000000e+02 3.767306533333332936e+02
4.170000000000000000e+02 2.367034296666666933e+02
4.180000000000000000e+02 3.150514909999999986e+02
4.190000000000000000e+02 3.433858236666666812e+02
4.200000000000000000e+02 3.250526696666665885e+02
