300 421.7681899999998
301 418.4505166666668
302 460.1801333333335
303 553.6140299999997
304 603.7500466666665
305 605.5884133333329
306 467.26763333333383
307 784.535726666667
308 367.3159999999989
309 841.5230333333329
310 602.7122666666673
311 686.1219999999994
312 318.79142666666576
313 689.158519999999
314 892.5033133333327
315 860.6174833333334
316 758.7376300000001
317 1185.5297466666668
318 1055.4500133333338
319 1150.461913333333
320 1108.7726066666667
321 1302.1700099999996
322 1417.2331533333331
323 1435.5426733333336
324 1413.8885500000001
325 1357.2149266666668
326 1714.0104966666668
327 1543.9549966666668
328 1792.392376666667
329 1950.7945966666668
330 1869.083573333333
331 1790.70044
332 2084.18693
333 2142.522283666667
334 2130.8929166666667
335 2300.95996
336 2047.4672033333331
337 2157.5674259999996
338 2299.2863333333335
339 2436.009468
340 2434.34949
341 2411.0100503333338
342 2551.0125386666664
343 2354.2567550000003
344 2224.225768
345 2329.288830666667
346 2430.976861666667
347 2425.9656156666665
348 2547.6993823333332
349 2212.472383333333
350 2499.3511550000003
351 2410.9447143333336
352 2280.847665333333
353 2294.173946666667
354 2437.5631176666666
355 2794.4604886666666
356 2115.7698626666665
357 2189.143694
358 2304.233313333333
359 2547.622041333333
360 2315.832548
361 2187.4650476666666
362 1933.9716430000003
363 2172.4408973333334
364 2144.0772799999995
365 2040.6897073333334
366 1855.612215
367 2087.373355
368 1895.6530256666665
369 1828.9554533333335
370 1908.946955
371 1612.1669266666668
372 1778.899054333333
373 1718.8787900000002
374 1540.4627223333332
375 1547.1325866666666
376 1603.809417333333
377 1508.8005786666663
378 1457.0895953333334
379 1487.0838586666664
380 1302.0392636666666
381 1248.6761943333336
382 1423.7361886666667
383 1253.6548813333334
384 1240.352704
385 1315.3528616666667
386 1180.3212266666667
387 1101.9412160000002
388 1173.6410343333337
389 833.5406383333333
390 1025.2572710000002
391 1100.2771933333331
392 913.5603353333335
393 875.2063733333331
394 920.2191583333337
395 806.8702186666667
396 691.8158766666664
397 725.1626116666669
398 743.5050823333335
399 566.7923169999998
400 648.4787816666666
401 725.1648146666668
402 690.1409666666669
403 603.4554496666667
404 563.4473563333335
405 540.1137736666667
406 458.423993
407 496.76716866666663
408 525.1057509999999
409 571.7813716666667
410 451.7491
411 333.39330199999984
412 410.07154866666656
413 450.08533133333344
414 370.06870400000014
415 516.7671346666665
416 396.7372426666665
417 468.4160149999999
418 300.0549973333333
419 383.39872
420 348.3946823333333
