300 835.3913733333329
301 1260.6822099999995
302 1202.4131033333338
303 1334.3108300000008
304 1361.2158766666666
305 1534.9911433333327
306 1597.0890966666666
307 2151.567646666668
308 2096.8524233333346
309 1853.1812433333316
310 2267.2087
311 2135.2805166666667
312 2525.4214933333324
313 2271.309066666666
314 2824.910546666667
315 2650.8035933333326
316 2662.2816399999997
317 2792.26452
318 3197.5367400000005
319 3210.794313333334
320 3057.2799433333334
321 3414.2360233333334
322 3197.3741033333336
323 3142.3353766666673
324 3716.24794
325 3594.514400000001
326 3382.4973133333333
327 3732.7526733333343
328 3948.0929766666663
329 3814.4801399999997
330 3649.2934233333335
331 3916.2188400000005
332 3751.09436
333 4059.5272166666664
334 3824.333263333333
335 3899.400723333334
336 3765.8263266666663
337 4152.886413333333
338 3785.8124566666665
339 4174.466513333334
340 3905.9056600000004
341 3723.9967166666665
342 3775.723876666666
343 3615.545336666667
344 3512.1307399999996
345 3480.3654099999994
346 3385.2530800000004
347 3213.449386666666
348 3193.4297933333337
349 3610.2866933333335
350 3271.6887190000007
351 3178.3570733333336
352 3049.8983599999992
353 2831.3577299999997
354 2843.007199
355 2901.3954866666663
356 2591.2058133333335
357 2504.48018
358 2624.469806666666
359 2582.7403403333333
360 2449.352347333334
361 2614.4480433333333
362 2205.8871893333335
363 2257.5472320000003
364 2132.44369
365 2120.806744666667
366 2070.739129
367 1878.9740219999999
368 1995.7191833333336
369 1780.5808896666663
370 1690.5495336666668
371 1632.1593116666668
372 1603.8749000000003
373 1375.4288816666663
374 1553.7984650000003
375 1445.4253843333336
376 1442.0847669999998
377 1240.3539853333336
378 1001.9393016666667
379 1185.3239943333333
380 1131.9634366666667
381 1116.9428063333335
382 1090.273307
383 1046.9169150000002
384 875.2110356666668
385 776.8455500000001
386 793.5036373333334
387 750.1717306666666
388 881.8649920000001
389 815.1748756666665
390 883.5180066666668
391 656.8064253333333
392 638.4613519999999
393 493.4252783333334
394 525.1027549999999
395 533.4386766666668
396 486.75628800000015
397 641.7776033333333
398 675.1354723333333
399 511.7563533333333
400 413.41049399999997
401 433.4119156666667
402 406.74361199999987
403 353.3973216666667
404 368.4006233333332
405 338.3883750000002
406 343.39062533333333
407 428.40089
408 311.718175
409 200.02937800000018
410 178.36082166666665
411 238.37090333333333
412 228.3678696666667
413 185.0279846666665
414 293.37431000000004
415 196.69454499999995
416 173.35811266666656
417 233.36968766666678
418 130.01885033333338
419 186.69353466666655
420 91.67983366666658
