300 515.1450033333333
301 690.2389699999999
302 820.3455133333334
303 727.0611666666668
304 929.0503733333335
305 1002.6069166666657
306 1348.3859966666669
307 1509.03445
308 1637.8813033333317
309 1317.5215333333326
310 1452.7109
311 2297.4027166666674
312 1792.6981999999998
313 1838.9850700000006
314 1865.2219466666656
315 2078.2770133333333
316 2108.0349499999998
317 2204.56117
318 2499.6730900000002
319 2706.4097533333334
320 2656.3564866666666
321 2699.7689533333323
322 2512.9335133333334
323 3034.95096
324 2919.889016666667
325 3024.9357800000002
326 3150.01727
327 3283.473963333333
328 3283.481426666667
329 3331.813133333334
330 3348.5118200000006
331 3380.2278166666665
332 3663.7093899999995
333 3840.5471356666667
334 3565.261468333334
335 3580.2952533333337
336 3611.895974
337 4013.901083333333
338 3892.159756666667
339 3506.869292666667
340 3693.6608036666667
341 3825.4477903333327
342 3510.166728333333
343 3765.2989936666672
344 3500.085795333333
345 3611.864675
346 3435.0282653333334
347 3608.494
348 3426.5962663333335
349 3465.031595666667
350 3176.5064503333333
351 3366.6264739999997
352 3246.5049433333334
353 3019.6542876666663
354 3184.7457280000003
355 2752.858642333333
356 2767.8204453333333
357 2949.5967493333337
358 2874.5873300000003
359 2666.070944
360 2766.1536459999998
361 2692.744330333334
362 2464.296406
363 2557.649078333334
364 2282.5091203333336
365 2195.818726
366 2122.432415333333
367 2150.780867333333
368 2059.0706373333333
369 1955.6747699999996
370 2030.698820333333
371 1967.3405140000004
372 1949.012092
373 1780.5723533333335
374 1732.2249649999999
375 1693.8591856666667
376 1525.4752110000004
377 1533.8303716666665
378 1427.086351
379 1500.4565150000003
380 1357.0857800000003
381 1232.0141783333333
382 1238.6975733333334
383 1338.7160293333332
384 1153.6538436666665
385 993.6110323333334
386 1135.2949306666665
387 1121.9484483333335
388 800.1953390000002
389 811.8703600000001
390 946.90354
391 688.4983543333334
392 991.9073753333333
393 688.5022899999998
394 646.8129366666666
395 661.8283156666665
396 626.802754
397 543.4551626666669
398 598.4607130000002
399 688.4964566666664
400 600.1352966666667
401 413.4161716666665
402 478.4342383333334
403 318.39990133333333
404 451.75622866666674
405 341.7338933333332
406 400.078252
407 295.05795333333333
408 256.72013000000004
409 398.41009999999994
410 363.3983516666666
411 258.379456
412 253.38536666666676
413 311.72534566666684
414 131.69126300000005
415 310.05759466666655
416 226.70795999999996
417 195.03333966666662
418 183.36356166666667
419 133.35711766666668
420 163.36079900000004
