300 243.39559333333364
301 423.45541000000003
302 511.8502900000001
303 686.9974433333336
304 478.67563999999993
305 540.4860799999988
306 1011.1608933333337
307 667.6246299999993
308 1322.1441466666656
309 1205.3803733333334
310 1328.8861400000005
311 1058.2570766666677
312 1261.642633333333
313 969.3350999999993
314 919.1099466666665
315 647.0852033333335
316 1137.2109733333334
317 775.3087966666665
318 907.0222466666667
319 928.6906866666666
320 1000.3428666666669
321 1095.3816733333335
322 1278.806986666667
323 1207.1282799999997
324 1368.8335966666666
325 1405.5204700000002
326 1508.8827199999998
327 1308.81355
328 1453.854203333333
329 1590.6128133333334
330 1722.3140299999998
331 1688.960816666667
332 1813.9860123333328
333 2000.7863166666668
334 1815.6576323333334
335 2089.142136666667
336 2009.0923373333335
337 2127.471926666666
338 2219.1994956666667
339 2284.1990933333327
340 2182.5299200000004
341 2150.844803333334
342 2254.1956373333333
343 2092.4213316666664
344 2225.8226449999997
345 2224.1484099999993
346 2445.9318216666666
347 2310.923527333334
348 2440.949026666667
349 2392.595631333333
350 2165.790276666667
351 2314.209452666667
352 2530.941927666667
353 2214.1081633333333
354 2419.21686
355 2400.883437666667
356 2360.86635
357 2325.826700666667
358 2212.445026666667
359 2205.75531
360 2294.1584373333335
361 2214.1358199999995
362 2149.079145333334
363 2262.4255700000003
364 2234.124983
365 2080.713988666667
366 2000.68165
367 1775.5927343333333
368 1940.6390593333335
369 1852.2783166666668
370 1938.9557966666666
371 1735.5452266666666
372 1760.5337023333336
373 1755.5346113333335
374 1642.1670113333334
375 1527.1249076666672
376 1570.4906799999999
377 1722.1521050000001
378 1587.1229199999998
379 1510.4381466666664
380 1520.439123333333
381 1333.672079
382 1221.9938433333332
383 1190.3216976666668
384 1263.6612166666664
385 1125.2802866666666
386 1103.61845
387 1111.9468966666668
388 1121.943322
389 1336.9942133333334
390 1053.572731
391 1131.920795
392 993.5626023333331
393 996.8949766666667
394 850.2032833333333
395 921.8743373333332
396 753.505595
397 826.8330999999997
398 658.4741533333334
399 703.4662033333333
400 778.4975966666667
401 746.8125466666668
402 576.7816283333335
403 546.7711573333332
404 525.09965
405 531.765827
406 615.110024
407 546.76888
408 368.40093133333335
409 608.4437133333332
410 356.7253903333333
411 591.779766
412 428.40942500000006
413 443.4076246666667
414 530.0875583333335
415 388.3929323333334
416 373.3941226666666
417 445.0768889999998
418 360.06355799999994
419 380.06527533333326
420 285.0473986666666
