300 932.1309533333338
301 1203.9641300000003
302 1274.1264066666663
303 1552.8539866666665
304 1529.8146933333328
305 1939.0421666666662
306 2235.084976666666
307 2337.5189666666665
308 2331.241633333333
309 2902.7707666666647
310 3054.760699999999
311 2962.3894999999993
312 3484.5981833333317
313 3021.1286666666656
314 3097.1927933333336
315 3350.3042766666667
316 3411.4384266666666
317 3245.970660000001
318 3761.3785166666657
319 4079.9968799999997
320 3898.1402666666663
321 3813.0098900000007
322 4244.998790000001
323 4311.896463333334
324 4416.867103333334
325 4628.827940000001
326 4960.801703333333
327 4788.8468833333345
328 4675.3321000000005
329 4722.16839
330 5019.043699999999
331 4920.674886666667
332 5140.84645
333 5002.30691
334 5134.13852
335 5080.613020000001
336 5143.88862
337 4937.191170000001
338 5022.147636666667
339 4878.6645033333325
340 5052.063343333334
341 4906.848186666666
342 4469.753830000001
343 4856.81844
344 4681.591803333334
345 4983.422849999999
346 4641.441233333334
347 4598.056503333333
348 4204.314166666667
349 4311.084580000001
350 4287.725893333333
351 3653.8428733333335
352 3818.917836666667
353 3929.1056800000006
354 4070.7771066666664
355 3703.743919999999
356 3753.8133566666675
357 3722.1131466666666
358 3326.721066666667
359 3400.154181666667
360 3091.5778
361 3113.158730666667
362 2996.446562666666
363 2836.317278
364 2852.905186666667
365 2901.328183666667
366 2409.379266666667
367 2666.179219333333
368 2289.293684
369 2269.2638949999996
370 2229.250285
371 2294.289006666667
372 2085.8344213333335
373 2189.173666666667
374 1954.0297409999998
375 1869.0045783333335
376 1829.0148933333332
377 1690.6018536666666
378 1698.9105056666667
379 1800.6179023333334
380 1478.8265969999998
381 1412.1316069999996
382 1353.7426810000002
383 1227.031453333333
384 1172.0296833333334
385 1245.3817359999998
386 1202.0337260000001
387 961.9417410000003
388 933.5979436666668
389 1083.624373333333
390 965.2569546666667
391 876.9002506666668
392 740.1907599999998
393 865.2230633333332
394 816.8828446666666
395 701.8441353333334
396 701.8398866666668
397 575.1405056666666
398 691.8413773333332
399 685.1590709999999
400 531.7852766666668
401 578.4734556666666
402 711.8388343333334
403 548.45554
404 411.7523663333334
405 408.42220366666686
406 413.4202283333333
407 500.10433433333344
408 445.0949556666667
409 280.05775600000004
410 290.0588066666668
411 490.1058333333334
412 393.4140820000001
413 271.7230043333335
414 253.3806526666666
415 268.38483399999996
416 221.7099453333334
417 98.3522253333332
418 76.68044099999997
419 213.37283000000002
420 378.4017799999999
