301 830.2957799999999
302 1200.5689699999998
303 975.5083100000002
304 1566.1956199999995
305 1341.3110399999996
306 1106.3706000000002
307 2218.2180000000008
308 1367.241
309 1552.7232999999997
310 2719.79252
311 2904.8134499999996
312 2553.7349999999997
313 2367.895490000001
314 2272.3222699999997
315 2597.0829999999996
316 2776.9849999999997
317 2771.67714
318 2656.4752999999996
319 2806.55544
320 2871.5820000000003
321 3271.97339
322 3351.8466800000006
323 3331.8483399999996
324 3697.2844999999998
325 3757.13584
326 3977.55972
327 3757.30378
328 3922.38842
329 3461.9699
330 3857.3507099999997
331 4282.71765
332 3967.4518
333 4027.3396000000002
334 4612.9181499999995
335 4342.772220000001
336 4537.713453
337 4092.41821
338 3742.1754800000003
339 4072.39465
340 3867.09936
341 3947.19902
342 3852.0272000000004
343 3787.14608
344 3732.0279450000003
345 3862.1535599999997
346 4157.28456
347 3491.8077520000006
348 4202.291325
349 4012.31372
350 3216.4712
351 3892.0445
352 3666.8374000000003
353 3311.61068
354 3336.47545
355 3206.45148
356 2926.26067
357 2881.332945
358 2676.1249959999996
359 2891.1921
360 2616.03741
361 2591.0312000000004
362 2630.98974
363 2731.1803
364 2280.8947
365 2210.8086599999997
366 2165.76642
367 1915.63964
368 2350.9246300000004
369 2255.8002899999997
370 2095.6977589999997
371 2320.8246599999998
372 1740.5521999999999
373 1790.5953319999999
374 1580.4954189999999
375 1355.415221
376 1810.595034
377 1515.4168
378 1350.3795599999999
379 1390.41205
380 1430.403665
381 1595.44175
382 1235.326842
383 1025.2831
384 1170.28568
385 1145.283341
386 930.2262099999999
387 960.251775
388 525.1264600000001
389 835.2106099999999
390 1045.248661
391 690.1880799999999
392 735.179806
393 875.180839
394 550.110777
395 1010.2216789999999
396 500.1083340000001
397 680.13431
398 855.1847700000001
399 590.1098640000001
400 520.10824
401 380.0819110000001
402 255.0565200000001
403 285.05868
404 710.13694
405 465.0943199999999
406 -55.012570000000096
407 -5.000980000000027
408 310.06266000000005
409 585.0992199999998
410 65.01218000000006
411 385.070375
412 175.03055000000006
413 205.033997
414 190.028859
415 480.08984599999997
416 160.0270999999999
417 270.04644499999995
418 255.042055
419 125.01800000000003
420 205.0312
300 725.2352599999999
301 982.8596750000002
302 900.4317950000004
303 577.8306899999998
304 1003.2178950000002
305 1684.1231099999986
306 1489.3549999999996
307 1497.2151250000006
308 2248.90485
309 1965.9309999999987
310 1998.5004250000002
311 2296.141845000002
312 2017.90765
313 2009.9360799999995
314 2722.680335
315 2316.8127750000003
316 2386.647315
317 2641.6273800000004
318 2919.221265
319 3074.30397
320 3131.808519999999
321 3084.286625
322 3567.19024
323 3294.4727649999995
324 3467.0347899999997
325 3647.26405
326 3592.126405
327 3677.1453950000005
328 3722.1572499999997
329 3935.077219999999
330 4167.602795000001
331 4312.6819350000005
332 4577.9348500000015
333 4037.374154999999
334 4432.76624
335 4145.0153549999995
336 4215.0545685
337 4034.949325
338 4387.677084999999
339 4232.54298
340 4172.415177999999
341 4204.999625500001
342 4174.847798500001
343 4094.8119050000005
344 3944.7357459999994
345 3817.0433999999996
346 3812.0605000000005
347 3907.1098300000003
348 3796.9621205
349 3651.940637500001
350 3624.34772
351 3519.2042149999997
352 3674.3553405000002
353 3609.2904325
354 3128.9183125
355 3226.4850530000003
356 3414.124497
357 2908.8451534999995
358 2761.1810495
359 2738.6365025
360 2913.7324695
361 2818.7039545
362 2756.119131
363 2696.0767975
364 2413.3675949999997
365 2345.8760595000003
366 2353.3579795
367 2295.81337
368 2173.2459755
369 2330.8587745
370 2003.1872155000003
371 1918.1524100000001
372 1818.0975085000002
373 1670.5224810000002
374 1643.0156719999998
375 1718.0360225
376 1658.0071400000002
377 1650.498631
378 1350.3941849999999
379 1375.374675
380 1305.372255
381 1400.3994415000002
382 1277.8527649999996
383 1632.9563445
384 1102.7671854999999
385 865.2264715
386 1267.8351365
387 912.7364994999999
388 800.1812600000001
389 1005.2651035
390 905.2321724999999
391 965.2210249999999
392 1005.240675
393 637.645937
394 605.1332500000001
395 812.6938395
396 605.1357765
397 635.1366555
398 495.0999669999999
399 532.6137679999999
400 647.6379324999999
401 502.6013674999998
402 540.1069650000002
403 410.07877499999995
404 392.58212849999995
405 322.56137750000016
406 427.5900354999999
407 457.57988
408 242.54093699999999
409 140.0262775000001
410 342.56269499999996
411 405.0712295000001
412 275.04852749999986
413 182.5321980000001
414 217.53869999999984
415 247.539711
416 195.03648999999996
417 245.0389245
418 257.5455175000001
419 210.0361069999999
420 192.53115950000006
