3.000000000000000000e+02 -1.450344300000001567e+02
3.010000000000000000e+02 -3.050899699999999939e+02
3.020000000000000000e+02 2.350860600000000886e+02
3.030000000000000000e+02 -4.602211900000002061e+02
3.040000000000000000e+02 -2.501612999999997555e+01
3.050000000000000000e+02 -1.951710000000002765e+02
3.060000000000000000e+02 -8.509767000000010739e+01
3.070000000000000000e+02 4.105607300000001487e+02
3.080000000000000000e+02 4.907737300000007963e+02
3.090000000000000000e+02 -1.252090000000007421e+02
3.100000000000000000e+02 4.857920000000012806e+02
3.110000000000000000e+02 1.301990000000005239e+02
3.120000000000000000e+02 8.110240000000003420e+02
3.130000000000000000e+02 5.005359999999200227e+00
3.140000000000000000e+02 2.501932699999997567e+02
3.150000000000000000e+02 -1.550886299999997391e+02
3.160000000000000000e+02 1.300604699999998957e+02
3.170000000000000000e+02 2.100847200000000612e+02
3.180000000000000000e+02 4.401530700000000706e+02
3.190000000000000000e+02 2.700943600000000515e+02
3.200000000000000000e+02 5.502028799999998228e+02
3.210000000000000000e+02 6.702209499999999025e+02
3.220000000000000000e+02 6.352168700000001991e+02
3.230000000000000000e+02 7.052662599999998747e+02
3.240000000000000000e+02 3.951315899999999601e+02
3.250000000000000000e+02 7.452636700000002747e+02
3.260000000000000000e+02 7.952694100000001072e+02
3.270000000000000000e+02 1.190435430000000224e+03
3.280000000000000000e+02 9.103019200000001092e+02
3.290000000000000000e+02 1.345471000000000004e+03
3.300000000000000000e+02 1.035362550000000056e+03
3.310000000000000000e+02 1.080428959999999734e+03
3.320000000000000000e+02 1.000342169999999896e+03
3.330000000000000000e+02 1.145409659999999803e+03
3.340000000000000000e+02 1.225462640000000192e+03
3.350000000000000000e+02 9.253485200000002351e+02
3.360000000000000000e+02 1.555554999999999836e+03
3.370000000000000000e+02 1.210418580000000247e+03
3.380000000000000000e+02 1.090396659999999883e+03
3.390000000000000000e+02 1.375484089999999924e+03
3.400000000000000000e+02 1.665578305000000000e+03
3.410000000000000000e+02 1.500535889999999881e+03
3.420000000000000000e+02 1.675589599999999791e+03
3.430000000000000000e+02 1.570563999999999851e+03
3.440000000000000000e+02 1.655629770000000008e+03
3.450000000000000000e+02 1.345449180000000069e+03
3.460000000000000000e+02 1.765673460000000432e+03
3.470000000000000000e+02 1.510551089999999931e+03
3.480000000000000000e+02 1.655582769999999982e+03
3.490000000000000000e+02 1.450500079999999798e+03
3.500000000000000000e+02 1.580520870999999715e+03
3.510000000000000000e+02 1.725569576000000325e+03
3.520000000000000000e+02 1.285436490000000049e+03
3.530000000000000000e+02 1.525512200000000121e+03
3.540000000000000000e+02 1.565506225999999970e+03
3.550000000000000000e+02 1.190389040000000250e+03
3.560000000000000000e+02 1.970681360000000041e+03
3.570000000000000000e+02 1.645525939000000108e+03
3.580000000000000000e+02 1.730568899999999758e+03
3.590000000000000000e+02 1.700584760000000188e+03
3.600000000000000000e+02 1.530529290000000174e+03
3.610000000000000000e+02 1.745587824999999611e+03
3.620000000000000000e+02 1.705613219999999956e+03
3.630000000000000000e+02 1.810615789999999834e+03
3.640000000000000000e+02 1.495465274000000136e+03
3.650000000000000000e+02 1.460456500000000005e+03
3.660000000000000000e+02 1.715589045999999598e+03
3.670000000000000000e+02 1.425427189999999882e+03
3.680000000000000000e+02 1.335381309999999985e+03
3.690000000000000000e+02 1.530446354999999812e+03
3.700000000000000000e+02 9.702718600000000606e+02
3.710000000000000000e+02 1.325388453000000027e+03
3.720000000000000000e+02 1.380401260000000093e+03
3.730000000000000000e+02 1.610510899999999765e+03
3.740000000000000000e+02 1.115308774999999969e+03
3.750000000000000000e+02 1.370410093999999845e+03
3.760000000000000000e+02 1.245361409999999978e+03
3.770000000000000000e+02 1.340392100000000028e+03
3.780000000000000000e+02 1.020298579999999902e+03
3.790000000000000000e+02 1.070296869999999899e+03
3.800000000000000000e+02 9.252385999999999058e+02
3.810000000000000000e+02 1.000271726999999942e+03
3.820000000000000000e+02 6.951857899999999972e+02
3.830000000000000000e+02 1.035295536999999968e+03
3.840000000000000000e+02 9.902587330000001202e+02
3.850000000000000000e+02 7.001695499999998447e+02
3.860000000000000000e+02 8.802332999999998719e+02
3.870000000000000000e+02 6.051514899999999670e+02
3.880000000000000000e+02 7.651835330000001250e+02
3.890000000000000000e+02 8.552384100000001581e+02
3.900000000000000000e+02 7.351645099999998365e+02
3.910000000000000000e+02 5.351273169999999482e+02
3.920000000000000000e+02 6.751581499999999778e+02
3.930000000000000000e+02 1.005267884999999978e+03
3.940000000000000000e+02 5.651286299999999301e+02
3.950000000000000000e+02 5.101158100000001241e+02
3.960000000000000000e+02 5.251119990000000826e+02
3.970000000000000000e+02 3.900875269999999091e+02
3.980000000000000000e+02 2.650627500000000509e+02
3.990000000000000000e+02 6.251357700000000932e+02
4.000000000000000000e+02 3.800899699999999939e+02
4.010000000000000000e+02 6.001374100000000453e+02
4.020000000000000000e+02 3.800777000000000498e+02
4.030000000000000000e+02 4.450965559999998504e+02
4.040000000000000000e+02 5.151070199999999204e+02
4.050000000000000000e+02 5.451250609999999597e+02
4.060000000000000000e+02 4.150767199999999093e+02
4.070000000000000000e+02 6.151200549999999794e+02
4.080000000000000000e+02 2.700603100000000723e+02
4.090000000000000000e+02 3.400642739999999549e+02
4.100000000000000000e+02 1.350275900000000320e+02
4.110000000000000000e+02 4.350824599999998554e+02
4.120000000000000000e+02 5.001016300000000001e+02
4.130000000000000000e+02 3.800668289999999843e+02
4.140000000000000000e+02 2.050351500000000442e+02
4.150000000000000000e+02 3.550719640000000936e+02
4.160000000000000000e+02 2.650507860000000164e+02
4.170000000000000000e+02 3.650684000000001106e+02
4.180000000000000000e+02 -6.001019300000007206e+01
4.190000000000000000e+02 1.900299690000000510e+02
4.200000000000000000e+02 1.250194999999999936e+02
