301 1182.4941066666665
302 1142.5948900000003
303 1458.0574900000001
304 1520.1142566666667
305 1642.3106900000002
306 2213.680949999999
307 2229.3238666666657
308 1697.0241333333342
309 2761.1640666666644
310 2874.7663666666667
311 2356.7190333333347
312 2875.4415666666646
313 3073.6076199999998
314 3041.054360000001
315 2713.3945833333337
316 2994.929156666667
317 3221.6315966666666
318 3047.9999099999995
319 3495.0904966666662
320 3533.351643333334
321 3498.351696666667
322 3544.942956666667
323 3808.6954733333337
324 3993.8622500000006
325 3886.954913333334
326 4314.022176666667
327 4113.964470000001
328 3980.4010633333337
329 4430.861556666667
330 4375.72582
331 4220.545573333333
332 4272.067243333334
333 4086.9710266666666
334 4453.781220000001
335 4320.396723333333
336 4333.532133333332
337 4467.031216666666
338 4063.210106666666
339 4482.014213333334
340 4059.8294833333334
341 4396.63776
342 4039.6822
343 4039.6026899999997
344 3854.394823333333
345 3579.0676233333334
346 3941.038816666667
347 3922.7120400000003
348 3809.2530399999996
349 3654.078003333333
350 3605.5862700000007
351 3482.1474100000005
352 3482.1003833333334
353 3375.349116666667
354 3050.10319
355 3400.3491633333333
356 3070.055456666667
357 3033.324973333333
358 2839.78906
359 2818.1167066666662
360 2816.4342166666665
361 2436.23581
362 2646.2666033333335
363 2557.8860700000005
364 2534.4938566666665
365 2314.3452533333334
366 2214.2844633333334
367 2124.233476666667
368 2154.2400900000002
369 2075.824262
370 1879.0689433333334
371 1954.1184533333337
372 1772.317013333333
373 2097.4657903333336
374 1640.571946
375 1587.2234603333334
376 1588.8928283333337
377 1428.8157033333334
378 1567.2030066666666
379 1443.7783183333331
380 1380.4538433333337
381 1055.3232866666665
382 1088.67354
383 1105.3152799999998
384 1092.0060766666666
385 1088.6417266666667
386 1128.6539716666666
387 1125.3058469999999
388 905.243545
389 726.8554083333336
390 786.8662729999999
391 788.5212666666665
392 730.1758929999999
393 736.8541309999999
394 596.8094233333333
395 551.7952726666667
396 583.4652536666665
397 611.8028346666667
398 363.4131443333333
399 645.1517256666667
400 420.0900703333333
401 276.7251653333333
402 465.0954816666667
403 373.40771533333316
404 316.7271916666667
405 305.0595983333334
406 325.06576299999995
407 293.39234666666664
408 196.70473300000015
409 411.75122466666664
410 231.70977933333313
411 316.7267300000001
412 298.3906883333333
413 276.7171246666668
414 161.6971513333334
415 290.04890833333343
416 178.36562400000003
417 276.71769300000005
418 156.69359400000008
419 108.3522489999998
420 130.02170766666666
