300 226.72111333333305
301 235.06872333333354
302 270.10384
303 236.79031000000032
304 55.03816000000006
305 205.19890666666652
306 151.85537333333377
307 -23.371956666665028
308 78.46600000000035
309 -5.0125666666663165
310 -11.682633333333797
311 373.98199999999997
312 867.9110900000005
313 448.863229999999
314 633.9285066666662
315 815.5549899999996
316 707.0434133333333
317 583.5891133333334
318 863.6885833333333
319 1308.8595299999995
320 1172.1141800000003
321 1225.473163333333
322 1480.590333333333
323 1265.4788299999998
324 1465.5768133333336
325 1482.2417166666664
326 1470.5596500000001
327 1578.92603
328 1745.6723799999997
329 1727.3584700000004
330 1804.0816033333335
331 2040.8346800000002
332 2054.206446666667
333 2152.5368123333337
334 2015.8214133333333
335 2324.293752333334
336 2087.5002999999997
337 2245.9437533333335
338 2175.922803333333
339 2042.4685223333338
340 2279.2651533333333
341 2340.937223
342 2477.7340466666665
343 2417.682273666667
344 2671.1319833333337
345 2599.365795
346 2566.064298666666
347 2370.9867733333335
348 2521.005218333333
349 2514.338249666667
350 2571.015483333333
351 2452.6890566666666
352 2442.6548066666664
353 2487.643338
354 2309.249165333333
355 2284.195683666667
356 2297.559807666667
357 2344.2077713333338
358 2250.868412333333
359 2469.265813666667
360 2255.855773666666
361 2089.1114909999997
362 2184.159321
363 2327.5311210000004
364 2262.5119936666665
365 2110.7447839999995
366 2147.442709
367 1970.6570689999999
368 1965.667383333333
369 2025.7082266666666
370 1897.3175610000003
371 1855.5974290000004
372 1840.5970476666666
373 1875.6128786666663
374 1775.5892130000002
375 1535.472655
376 1688.8637666666664
377 1520.466620666667
378 1550.4679936666666
379 1417.0718219999999
380 1508.783454
381 1420.4100319999998
382 1293.7026503333336
383 1445.4154873333332
384 1323.7072203333337
385 1228.6679766666666
386 1120.2866633333333
387 1080.2871443333333
388 1063.6119333333334
389 1190.2954896666665
390 1115.2825830000002
391 1205.3000253333335
392 885.212089
393 880.2193666666668
394 851.873694
395 858.5332649999998
396 890.2125050000001
397 660.1468776666665
398 650.1421879999997
399 680.16375
400 710.147865
401 505.10292966666657
402 806.851129
403 758.49553
404 513.43939
405 660.1309386666668
406 510.1019306666667
407 583.4510083333333
408 618.4566120000001
409 421.7495683333332
410 408.4074303333332
411 405.0797756666668
412 436.7463399999998
413 358.3983373333332
414 221.70722366666666
415 351.73079500000017
416 278.3780926666666
417 265.04513666666674
418 336.7284143333334
419 201.69617333333326
420 165.02842599999997
