300 997.3093633333337
301 1010.7092699999998
302 1339.3887133333333
303 1337.9631933333321
304 1565.1526399999993
305 1560.562883333333
306 1766.332166666668
307 2474.8320000000003
308 2814.502833333334
309 2423.8749666666663
310 2697.7662666666674
311 2859.4667333333346
312 3042.696766666668
313 2798.046433333334
314 3139.621673333334
315 3067.1179233333323
316 3308.5961366666675
317 3503.542906666666
318 2997.9861633333335
319 3540.16726
320 3638.4892866666673
321 3993.879856666667
322 3806.927673333333
323 4085.5908733333335
324 4083.964449999999
325 4188.909010000001
326 4300.767100000001
327 4576.144293333335
328 4542.6164499999995
329 4552.72936
330 4582.625536666666
331 4714.26691
332 4657.587166666666
333 4557.371913333334
334 4560.715776666666
335 4590.663223333333
336 4510.551143333334
337 4568.84547
338 4310.162246666666
339 4343.336840000001
340 4353.465433333334
341 4431.911376666667
342 4171.445000000001
343 4576.855723333333
344 4426.61945
345 4096.236243333333
346 4238.0086666666675
347 4104.411256666667
348 4081.1112366666666
349 3829.1049133333336
350 3585.6272666666673
351 3897.545353333333
352 3478.8087699999996
353 3792.3276099999994
354 3422.0293366666665
355 3440.2904866666668
356 3255.15724
357 3388.561906666667
358 3173.422159999999
359 3019.953896666667
360 3079.939856666667
361 2936.4796633333326
362 2659.6240566666665
363 2554.5209533333336
364 2331.035523333333
365 2267.6554333333333
366 2242.61297
367 2327.6514340000003
368 2185.939166666667
369 2149.1905399999996
370 2074.176206666666
371 2165.860053333334
372 1999.0928016666667
373 1914.0835200000004
374 1860.6670283333328
375 1625.5579836666666
376 1657.2023399999998
377 1748.9539333333337
378 1368.7789896666666
379 1448.8062800000002
380 1383.7714666666666
381 1155.3290623333337
382 1131.9829366666668
383 1151.9982966666666
384 1148.6486473333332
385 1150.3146116666667
386 980.2656426666666
387 1058.6098653333333
388 848.5529953333333
389 843.554485
390 926.9056749999999
391 733.5146066666669
392 636.8161003333333
393 728.5013346666668
394 668.502296
395 496.7777153333333
396 568.4738906666665
397 366.7530799999997
398 731.8239106666668
399 436.7582736666667
400 428.42465933333335
401 538.4422463333335
402 375.07929
403 455.09584900000016
404 546.7799640000002
405 378.411518
406 460.093341
407 278.3854663333333
408 298.3861456666667
409 391.74096466666674
410 186.6994013333334
411 385.066649
412 370.07274733333327
413 185.03320999999994
414 240.0434180000002
415 381.73285966666674
416 240.04156033333334
417 253.3787226666666
418 181.69826166666655
419 61.676585666666824
420 131.68917033333344
