3.000000000000000000e+02 1.007338633333333519e+03
3.010000000000000000e+02 1.182494106666666994e+03
3.020000000000000000e+02 1.142594890000000305e+03
3.030000000000000000e+02 1.458057490000000143e+03
3.040000000000000000e+02 1.520114256666666734e+03
3.050000000000000000e+02 1.642310689999999795e+03
3.060000000000000000e+02 2.213680949999999484e+03
3.070000000000000000e+02 2.229323866666666163e+03
3.080000000000000000e+02 1.697024133333333793e+03
3.090000000000000000e+02 2.761164066666665349e+03
3.100000000000000000e+02 2.874766366666666727e+03
3.110000000000000000e+02 2.356719033333333300e+03
3.120000000000000000e+02 2.875441566666666404e+03
3.130000000000000000e+02 3.073607619999999770e+03
3.140000000000000000e+02 3.041054360000000088e+03
3.150000000000000000e+02 2.713394583333332776e+03
3.160000000000000000e+02 2.994929156666666131e+03
3.170000000000000000e+02 3.221631596666666155e+03
3.180000000000000000e+02 3.047999909999999545e+03
3.190000000000000000e+02 3.495090496666666695e+03
3.200000000000000000e+02 3.533351643333333413e+03
3.210000000000000000e+02 3.498351696666666612e+03
3.220000000000000000e+02 3.544942956666666760e+03
3.230000000000000000e+02 3.808695473333333666e+03
3.240000000000000000e+02 3.993862249999999221e+03
3.250000000000000000e+02 3.886954913333333025e+03
3.260000000000000000e+02 4.314022176666667292e+03
3.270000000000000000e+02 4.113964469999999892e+03
3.280000000000000000e+02 3.980401063333333695e+03
3.290000000000000000e+02 4.430861556666666729e+03
3.300000000000000000e+02 4.375725820000000567e+03
3.310000000000000000e+02 4.220545573333332868e+03
3.320000000000000000e+02 4.272067243333332954e+03
3.330000000000000000e+02 4.086971026666666148e+03
3.340000000000000000e+02 4.453781220000000758e+03
3.350000000000000000e+02 4.320396723333333284e+03
3.360000000000000000e+02 4.333532133333334059e+03
3.370000000000000000e+02 4.467031216666666296e+03
3.380000000000000000e+02 4.063210106666667343e+03
3.390000000000000000e+02 4.482014213333333828e+03
3.400000000000000000e+02 4.059829483333332973e+03
3.410000000000000000e+02 4.396637760000000526e+03
3.420000000000000000e+02 4.039682200000000194e+03
3.430000000000000000e+02 4.039602690000000166e+03
3.440000000000000000e+02 3.854394823333333079e+03
3.450000000000000000e+02 3.579067623333333358e+03
3.460000000000000000e+02 3.941038816666666207e+03
3.470000000000000000e+02 3.922712040000000343e+03
3.480000000000000000e+02 3.809253039999999601e+03
3.490000000000000000e+02 3.654078003333333982e+03
3.500000000000000000e+02 3.605586269999999786e+03
3.510000000000000000e+02 3.482147410000000036e+03
3.520000000000000000e+02 3.482100383333332502e+03
3.530000000000000000e+02 3.375349116666666305e+03
3.540000000000000000e+02 3.050103189999999813e+03
3.550000000000000000e+02 3.400349163333333308e+03
3.560000000000000000e+02 3.070055456666666942e+03
3.570000000000000000e+02 3.033324973333333219e+03
3.580000000000000000e+02 2.839789060000000063e+03
3.590000000000000000e+02 2.818116706666666687e+03
3.600000000000000000e+02 2.816434216666666543e+03
3.610000000000000000e+02 2.436235809999999674e+03
3.620000000000000000e+02 2.646266603333333478e+03
3.630000000000000000e+02 2.557886070000000018e+03
3.640000000000000000e+02 2.534493856666666488e+03
3.650000000000000000e+02 2.314345253333333403e+03
3.660000000000000000e+02 2.214284463333332951e+03
3.670000000000000000e+02 2.124233476666666775e+03
3.680000000000000000e+02 2.154240089999999782e+03
3.690000000000000000e+02 2.075824262000000090e+03
3.700000000000000000e+02 1.879068943333333209e+03
3.710000000000000000e+02 1.954118453333333491e+03
3.720000000000000000e+02 1.772317013333333307e+03
3.730000000000000000e+02 2.097465790333333189e+03
3.740000000000000000e+02 1.640571946000000025e+03
3.750000000000000000e+02 1.587223460333333378e+03
3.760000000000000000e+02 1.588892828333333455e+03
3.770000000000000000e+02 1.428815703333333204e+03
3.780000000000000000e+02 1.567203006666666624e+03
3.790000000000000000e+02 1.443778318333333345e+03
3.800000000000000000e+02 1.380453843333333680e+03
3.810000000000000000e+02 1.055323286666666490e+03
3.820000000000000000e+02 1.088673540000000230e+03
3.830000000000000000e+02 1.105315280000000030e+03
3.840000000000000000e+02 1.092006076666666786e+03
3.850000000000000000e+02 1.088641726666666727e+03
3.860000000000000000e+02 1.128653971666666621e+03
3.870000000000000000e+02 1.125305847000000085e+03
3.880000000000000000e+02 9.052435450000000401e+02
3.890000000000000000e+02 7.268554083333334574e+02
3.900000000000000000e+02 7.868662729999998646e+02
3.910000000000000000e+02 7.885212666666666337e+02
3.920000000000000000e+02 7.301758930000000873e+02
3.930000000000000000e+02 7.368541309999999385e+02
3.940000000000000000e+02 5.968094233333333705e+02
3.950000000000000000e+02 5.517952726666666194e+02
3.960000000000000000e+02 5.834652536666666265e+02
3.970000000000000000e+02 6.118028346666667403e+02
3.980000000000000000e+02 3.634131443333333777e+02
3.990000000000000000e+02 6.451517256666667208e+02
4.000000000000000000e+02 4.200900703333333013e+02
4.010000000000000000e+02 2.767251653333333365e+02
4.020000000000000000e+02 4.650954816666667853e+02
4.030000000000000000e+02 3.734077153333333285e+02
4.040000000000000000e+02 3.167271916666666129e+02
4.050000000000000000e+02 3.050595983333333834e+02
4.060000000000000000e+02 3.250657630000000040e+02
4.070000000000000000e+02 2.933923466666665831e+02
4.080000000000000000e+02 1.967047329999999761e+02
4.090000000000000000e+02 4.117512246666667011e+02
4.100000000000000000e+02 2.317097793333332731e+02
4.110000000000000000e+02 3.167267300000000887e+02
4.120000000000000000e+02 2.983906883333334008e+02
4.130000000000000000e+02 2.767171246666666775e+02
4.140000000000000000e+02 1.616971513333333519e+02
4.150000000000000000e+02 2.900489083333333156e+02
4.160000000000000000e+02 1.783656240000000253e+02
4.170000000000000000e+02 2.767176930000000539e+02
4.180000000000000000e+02 1.566935939999999903e+02
4.190000000000000000e+02 1.083522489999999578e+02
4.200000000000000000e+02 1.300217076666666571e+02
