300 710.2868233333334
301 1103.8248766666663
302 863.7661666666663
303 1160.805906666667
304 1321.1302866666674
305 1992.2593433333323
306 2011.1258033333334
307 1554.2059900000004
308 2392.784866666667
309 2185.9280333333336
310 2566.592066666668
311 2583.0400333333328
312 2372.2580900000003
313 2274.7411833333326
314 2756.4068866666667
315 2917.756770000001
316 2954.055469999999
317 3379.104430000001
318 3245.5835666666662
319 3455.73629
320 3622.5368399999998
321 3766.018863333333
322 3871.0525500000003
323 3977.7825199999997
324 3981.1787533333327
325 4226.335923333334
326 4152.986583333333
327 4618.42093
328 4473.290433333334
329 4556.65567
330 4938.691349999999
331 4700.106933333333
332 4703.400786666666
333 5042.055963333333
334 4811.824956666666
335 4426.468633333333
336 4414.725080000001
337 4688.257379999999
338 4543.08527
339 4789.986603333334
340 4596.380046666666
341 4683.2047366666675
342 4532.956989999999
343 4496.28365
344 4499.558756666667
345 4576.224123999999
346 4264.24783
347 4335.904516666667
348 4219.170792666667
349 4049.034716
350 4217.462244
351 3825.459329
352 3868.815670333333
353 3616.9368566666667
354 3710.3691433333333
355 3621.9116569999996
356 3356.6560296666667
357 2958.0715899999996
358 3249.9501333333337
359 3041.444495666667
360 2936.410057
361 2881.3122286666667
362 2751.2421633333333
363 2716.188322333333
364 2589.4048633333337
365 2549.4184763333333
366 2582.7304963333336
367 2425.9583006666667
368 2330.9364913333334
369 2232.5668633333335
370 2399.2717433333332
371 2002.397215
372 2117.453783666667
373 1949.0227019999998
374 1737.2521973333332
375 1898.9900400000001
376 1652.2076946666666
377 1655.5583956666665
378 1598.8537349999997
379 1550.4737293333333
380 1338.7235173333338
381 1482.118746
382 1508.7995700000001
383 1383.7408943333335
384 1228.6908033333334
385 1215.3380733333333
386 1133.657982666667
387 956.9259643333332
388 808.5405703333333
389 1051.9409999999998
390 933.5712033333331
391 963.5797630000001
392 753.5244553333333
393 715.174986
394 780.1873733333332
395 823.5339000000001
396 518.4553249999998
397 461.7693836666667
398 518.4528409999999
399 623.4662733333334
400 566.7917166666666
401 493.4361476666669
402 500.10447499999987
403 463.4354649999999
404 321.7352966666666
405 386.7414990000001
406 225.04359899999997
407 365.07678
408 396.7510323333332
409 275.0533856666667
410 365.07357100000013
411 263.38401766666664
412 308.39422666666667
413 240.0444706666666
414 428.4146830000001
415 163.36524899999995
416 120.02187733333346
417 213.3714636666665
418 255.04480233333322
419 218.37199933333318
420 161.694249
