300 258.40020333333314
301 385.1179199999999
302 390.1547399999997
303 368.5403666666666
304 181.80849666666654
305 90.09638666666524
306 527.3796633333332
307 352.2368333333343
308 238.77483333333475
309 834.9485000000004
310 494.2726666666658
311 108.4902666666676
312 66.76719000000139
313 889.414716666668
314 547.1990033333332
315 944.0324733333332
316 798.7857899999999
317 798.6986866666662
318 848.6964699999999
319 1213.8160699999999
320 890.3509899999997
321 1183.7934199999997
322 1515.59912
323 1288.8467166666667
324 1463.9044699999997
325 1310.5101533333334
326 1495.6206566666667
327 1702.3629833333332
328 1580.6574333333335
329 1814.155606666667
330 1975.8831466666668
331 1887.4393100000002
332 1805.7327866666662
333 2187.596153333333
334 1974.1872500000002
335 2294.3404133333333
336 2427.7264386666666
337 2092.587973333333
338 2424.3570166666664
339 2557.8225933333333
340 2574.4185353333332
341 2682.8597133333337
342 2619.4918233333333
343 2461.069033333333
344 2571.085596666667
345 2857.928019666667
346 2664.5122656666663
347 2702.835916666667
348 2704.523078
349 2597.800116666667
350 2627.7754733333336
351 2702.833968666667
352 2466.0174333333334
353 2589.3976966666664
354 2431.0392349999997
355 2666.220723333333
356 2672.8185986666667
357 2746.1429120000007
358 2267.5637293333334
359 2639.4589069999997
360 2384.2937899999997
361 2284.2238266666673
362 2380.9553006666665
363 2454.3409713333335
364 2439.2374969999996
365 2180.84076
366 2392.5829900000003
367 2207.4767370000004
368 2289.1619196666666
369 2024.008205
370 2159.0928000000004
371 2120.758210666667
372 1942.3692800000003
373 1795.6186309999998
374 1902.3295659999999
375 1780.588537333333
376 1738.888344
377 1860.631824666667
378 1840.629884
379 1652.2401046666669
380 1588.8250879999996
381 1753.87437
382 1585.4746383333331
383 1180.35529
384 1387.067086666667
385 1313.7284046666664
386 1277.0415533333335
387 1228.6826763333333
388 1310.350894666667
389 1323.691534
390 970.2718113333333
391 1133.6293033333332
392 1006.9211386666667
393 918.5749503333334
394 851.882953333333
395 785.1978
396 811.8624646666666
397 1013.5650266666669
398 860.194498
399 678.4980003333332
400 796.8610236666667
401 713.5032906666667
402 748.4986699999998
403 655.1550766666666
404 615.1300333333332
405 760.1629260000002
406 565.1198193333336
407 645.1339766666667
408 431.76088633333325
409 503.4372000000002
410 431.7586083333333
411 421.7455736666667
412 373.4072876666668
413 376.73949200000004
414 230.04490466666664
415 373.39524266666683
416 313.3902413333334
417 333.3956406666666
418 313.38543500000003
419 235.04275266666684
420 201.70294033333346
