301 556.8262566666665
302 373.47923000000014
303 563.6071033333328
304 573.7301666666667
305 785.7381866666674
306 1243.1949000000004
307 1697.4960100000008
308 871.4419999999991
309 1307.3015333333315
310 1454.137176666667
311 1375.483666666666
312 1450.3597833333342
313 1813.7242299999998
314 1094.3102166666658
315 1117.4077499999999
316 1220.6383166666665
317 1260.5756933333334
318 1280.5279800000003
319 1248.8299133333333
320 1463.931193333333
321 1540.6159366666668
322 1602.322233333333
323 1590.6186400000004
324 1647.32743
325 1709.01581
326 1929.1395099999995
327 1969.1470533333336
328 2134.19444
329 1855.7399466666666
330 2049.1576566666668
331 2110.880797
332 2385.999858333333
333 2289.2623286666667
334 2300.9442673333333
335 2435.984778666667
336 2471.0434166666664
337 2419.2994966666665
338 2417.6417739999997
339 2367.618432
340 2582.7164316666667
341 2622.7337473333337
342 2365.968965
343 2475.957398666667
344 2264.1904706666664
345 2417.5903110000004
346 2524.3356383333335
347 2545.992321333333
348 2572.700076
349 2547.6319526666666
350 2580.99206
351 2427.574725333333
352 2409.2496223333333
353 2540.960816666667
354 2244.146563666666
355 2442.557008333333
356 2279.1453233333336
357 2284.140080333333
358 2072.360591333333
359 2310.800318
360 2269.1294203333337
361 1958.9981623333333
362 2014.005655
363 2235.7443333333335
364 1980.6438876666666
365 2065.677501666666
366 2000.6788183333333
367 1973.9810469999998
368 1903.9315503333337
369 1800.5578580000001
370 1645.4779350000003
371 1742.199353
372 1547.1047679999997
373 1735.5081830000001
374 1580.452021333333
375 1805.5373260000003
376 1382.057557333333
377 1503.7694409999995
378 1270.3268343333334
379 1398.6983559999999
380 1253.6428963333333
381 1255.3192416666666
382 1270.3193023333336
383 961.8860019999998
384 991.9169746666666
385 1006.9068793333333
386 948.5515030000001
387 1000.2348466666668
388 1078.5937250000002
389 951.8858329999999
390 948.5601053333335
391 961.872817
392 788.5083316666668
393 653.4748729999998
394 681.7986633333334
395 663.4755886666668
396 756.8240879999998
397 820.1658716666668
398 678.4744610000001
399 611.7854296666666
400 573.4486503333331
401 530.1048820000002
402 496.7587923333333
403 483.42787733333364
404 566.7833463333333
405 483.4248939999999
406 483.42290533333323
407 421.7431766666666
408 441.7509056666664
409 490.08376799999985
410 466.74889833333316
411 360.069436
412 328.3971899999999
413 375.0632753333333
414 311.7222623333331
415 268.37470633333317
416 376.7306533333334
417 236.7034296666668
418 315.05149100000006
419 343.3858236666666
420 325.0526696666666
