300 1115.5795033333338
301 1199.0182966666662
302 1546.0256200000003
303 1516.2470966666674
304 1499.8798666666662
305 1737.2221
306 2198.493346666667
307 2209.0836333333336
308 2289.6783333333333
309 2426.853666666668
310 2779.333066666666
311 2892.627333333332
312 2826.8511333333354
313 2946.43109
314 2805.4210399999984
315 2864.85787
316 2800.935303333333
317 3624.8698800000006
318 3419.50135
319 3786.49807
320 3929.9693933333338
321 3899.8235233333335
322 3974.964613333333
323 4358.617773333333
324 4657.342906666667
325 4293.504443333333
326 4467.002570000001
327 4517.072086666667
328 4822.405453333333
329 5030.893443333333
330 4877.43524
331 4985.823803333334
332 5020.827296666666
333 4967.505473333333
334 4954.008386666666
335 4920.626413333334
336 4645.248006666667
337 4803.683596666667
338 4985.422213333332
339 4897.03046
340 4810.320540000001
341 4688.366493333333
342 4826.943336666667
343 4478.172036666667
344 4706.536703333333
345 4359.559850000001
346 4316.231726666666
347 4216.08324
348 4107.608200000001
349 4321.172866666667
350 4144.339086666667
351 3872.3623266666664
352 3980.722626666667
353 3947.346036666667
354 3592.06365
355 3625.3978499999994
356 3353.5064833333336
357 3430.2060533333342
358 3149.9662100000005
359 3271.669553333333
360 3123.2440239999996
361 2954.8100633333333
362 2921.422363333333
363 2719.6237266666667
364 2908.0228733333333
365 2866.323832333333
366 2589.479736666667
367 2622.8073936666665
368 2329.33858
369 2315.927474333333
370 2024.1284789999997
371 2135.8180939999997
372 1967.4280393333336
373 1937.42288
374 1742.3116733333338
375 1735.6329509999996
376 1768.9615480000002
377 1660.5828266666663
378 1548.8571090000005
379 1340.4247230000005
380 1555.5213833333332
381 1367.10048
382 1248.709977333333
383 1215.3687800000002
384 1098.659173333333
385 1410.4255640000001
386 968.6062019999998
387 1008.6092159999998
388 836.8867040000001
389 1043.6125263333333
390 1040.2896213333333
391 675.1760433333334
392 773.5311686666666
393 703.5204866666668
394 718.5134676666667
395 531.7965133333336
396 700.1716180000002
397 618.4772399999999
398 428.43390999999974
399 541.7878586666665
400 566.8031633333334
401 471.7811166666668
402 580.1375399999998
403 285.0688466666668
404 365.07954500000005
405 551.7870626666668
406 360.0755283333334
407 458.42747066666675
408 463.42997866666644
409 405.0850816666666
410 403.420115
411 296.72368000000006
412 490.100422
413 366.738569
414 115.02305033333323
415 261.71747633333337
416 173.36760033333337
417 380.0745519999999
418 228.37542766666672
419 103.35177133333332
420 233.37368466666646
