300 401.77571666666677
301 438.4690900000003
302 435.1740766666667
303 585.311963333334
304 862.3040999999998
305 667.325616666667
306 1036.3376166666658
307 1283.667573333334
308 956.6959999999999
309 1045.270999999997
310 1158.805533333334
311 762.9800000000014
312 1448.7482099999988
313 1598.5624966666664
314 1466.4262866666668
315 1351.010263333334
316 1565.9253966666665
317 1584.1501999999994
318 1712.5211033333333
319 1994.2512366666667
320 1820.8319233333339
321 1892.5087899999999
322 2144.34206
323 2027.6012266666664
324 2312.7598
325 2204.37899
326 2299.360623333333
327 2377.7896599999995
328 2392.8263633333336
329 2432.821693333333
330 2759.6997066666668
331 2487.8422033333327
332 2921.395983333334
333 2621.1888
334 2649.554766666667
335 2776.2840966666663
336 2677.8881323333335
337 2709.6025966666666
338 2979.709832333333
339 2928.062616
340 3028.150523333333
341 2772.8692833333334
342 2777.8904913333336
343 2762.8972403333332
344 2584.4710616666666
345 2612.758418
346 2761.167369333333
347 2549.3959063333336
348 2624.4170076666664
349 2387.605171666667
350 2390.9228383333334
351 2317.568916333333
352 2552.6662436666666
353 2577.672552
354 2472.5876700000003
355 2510.971813
356 2447.6218240000003
357 2075.7157970000003
358 2307.525651
359 2367.5748933333334
360 2172.4268130000005
361 2187.4687996666667
362 2172.4549013333335
363 2067.359131
364 2135.7292239999997
365 2037.3215446666663
366 2023.9996629999996
367 1705.5415939999998
368 1863.9426549999998
369 1683.8453003333334
370 1688.88049
371 1665.4857243333336
372 1450.442633333333
373 1410.4034646666664
374 1457.087829
375 1383.7263736666669
376 1393.7160533333335
377 1442.0911016666669
378 1440.404438
379 1201.978943666667
380 1123.6200116666669
381 1085.2820609999999
382 1101.942369
383 1198.65481
384 1003.5754246666667
385 1221.9808883333333
386 920.2292173333334
387 856.8691816666667
388 960.2299890000002
389 906.8645949999999
390 763.5026566666667
391 791.8469183333335
392 685.1474789999999
393 813.5123326666666
394 705.1472256666665
395 710.1540539999999
396 505.1049173333332
397 541.7834403333334
398 500.10392833333333
399 488.43050133333315
400 536.7711066666667
401 616.792647
402 453.4230406666668
403 591.7863163333335
404 531.772463333333
405 376.74012033333327
406 321.7273623333332
407 361.7340366666666
408 356.73257566666655
409 393.4053603333334
410 376.7352149999998
411 391.7377766666667
412 390.0742459999998
413 270.0421336666667
414 373.4009106666666
415 338.393604
416 276.7145929999999
417 300.05054766666683
418 246.70588466666663
419 230.04101533333323
420 215.03261299999997
